99 0 1
92 8 0
92 7 1
90 10 0
90 9 1
85 13 2
83 16 1
84 11 5
75 24 1
75 22 3
77 19 4
72 22 6
71 23 6
72 23 5
70 26 4
69 27 4
68 29 3
69 28 3
69 25 6
65 31 4
64 30 6
62 32 6
62 33 5
65 33 2
64 33 3
64 33 3
66 30 4
60 32 8
56 38 6
57 36 7
57 39 4
55 38 7
56 38 6
52 44 4
53 40 7
52 40 8
54 41 5
55 37 8
52 34 14
48 40 12
49 38 13
53 35 12
53 40 7
55 37 8
53 38 9
53 40 7
56 37 7
57 35 8
55 35 10
50 38 12
47 43 10
46 43 11
48 43 9
49 45 6
50 41 9
48 43 9
50 38 12
52 40 8
53 35 12
55 35 10
51 37 12
51 36 13
55 33 12
54 31 15
44 45 11
48 40 12
48 39 13
48 38 14
50 36 14
42 45 13
45 41 14
47 41 12
45 43 12
47 33 20
41 39 20
41 43 16
45 40 15
46 39 15
45 39 16
49 32 19
45 37 18
47 38 15
47 39 14
48 34 18
45 35 20
47 35 18
45 36 19
44 39 17
44 38 18
45 40 15
46 37 17
46 35 19
47 35 18
49 29 22
45 36 19
47 35 18
47 34 19
46 34 20
46 32 22
43 34 23
41 35 24
